F1 = [1 2];
F2 = [2 1];
F3 = [1 4];

(F1 + F2 + F3)