Q = 4 * 10^3;
G = 2 * 10^3;
a = 20 * 10^(-2);
b = 10 * 10^(-2);
c = 30 * 10^(-2);
R = 10 * 10^(-2);
r = 10 * 10^(-2);